{"cells":[{"cell_type":"code","source":["INBOUND_PATH = \"/mnt/yahoo-finances-bg/inbound/\"\n\nFILE_TEST_PATH = \"/FileStore/tables/finances_AAPL_21*.csv\"\n\nRAW_PATH = \"/mnt/yahoo-finances-bg/raw/\"\n\nPROCESSING_PATH = \"/mnt/yahoo-finances-bg/processing/\"\n\nCURATED_PATH = \"/mnt/yahoo-finances-bg/curated/\"\n"],"metadata":{"application/vnd.databricks.v1+cell":{"title":"","showTitle":false,"inputWidgets":{},"nuid":"2908563c-c990-42c0-8674-a953bdabd140"}},"outputs":[{"output_type":"display_data","metadata":{"application/vnd.databricks.v1+output":{"datasetInfos":[],"data":"<div class=\"ansiout\"></div>","removedWidgets":[],"addedWidgets":{},"metadata":{},"type":"html","arguments":{}}},"output_type":"display_data","data":{"text/html":["<style scoped>\n  .ansiout {\n    display: block;\n    unicode-bidi: embed;\n    white-space: pre-wrap;\n    word-wrap: break-word;\n    word-break: break-all;\n    font-family: \"Source Code Pro\", \"Menlo\", monospace;;\n    font-size: 13px;\n    color: #555;\n    margin-left: 4px;\n    line-height: 19px;\n  }\n</style>\n<div class=\"ansiout\"></div>"]},"transient":null}],"execution_count":0},{"cell_type":"code","source":["get_sch_data = spark.read.format('csv').option('header', 'true').load(FILE_TEST_PATH)\ndata_static_sch = get_sch_data.schema\n\nget_sch_data.createOrReplaceTempView(\"vw_data\")"],"metadata":{"application/vnd.databricks.v1+cell":{"title":"","showTitle":false,"inputWidgets":{},"nuid":"29d820f6-6155-4f6e-bb2d-45f8c90b096d"}},"outputs":[{"output_type":"display_data","metadata":{"application/vnd.databricks.v1+output":{"datasetInfos":[{"name":"get_sch_data","typeStr":"pyspark.sql.dataframe.DataFrame","schema":{"fields":[{"metadata":{},"name":"open","nullable":true,"type":"string"},{"metadata":{},"name":"close","nullable":true,"type":"string"},{"metadata":{},"name":"high","nullable":true,"type":"string"},{"metadata":{},"name":"volume","nullable":true,"type":"string"},{"metadata":{},"name":"low","nullable":true,"type":"string"},{"metadata":{},"name":"timestamp","nullable":true,"type":"string"},{"metadata":{},"name":"ticker","nullable":true,"type":"string"},{"metadata":{},"name":"year","nullable":true,"type":"string"},{"metadata":{},"name":"month","nullable":true,"type":"string"},{"metadata":{},"name":"day","nullable":true,"type":"string"}],"type":"struct"},"tableIdentifier":null}],"data":"<div class=\"ansiout\"></div>","removedWidgets":[],"addedWidgets":{},"metadata":{},"type":"html","arguments":{}}},"output_type":"display_data","data":{"text/html":["<style scoped>\n  .ansiout {\n    display: block;\n    unicode-bidi: embed;\n    white-space: pre-wrap;\n    word-wrap: break-word;\n    word-break: break-all;\n    font-family: \"Source Code Pro\", \"Menlo\", monospace;;\n    font-size: 13px;\n    color: #555;\n    margin-left: 4px;\n    line-height: 19px;\n  }\n</style>\n<div class=\"ansiout\"></div>"]},"transient":null}],"execution_count":0},{"cell_type":"code","source":["df_silver = spark.readStream.format(\"delta\").load(PROCESSING_PATH)\n\ndf_silver.isStreaming"],"metadata":{"application/vnd.databricks.v1+cell":{"title":"","showTitle":false,"inputWidgets":{},"nuid":"84ce5fa0-af62-4460-a81c-c565ca5cb544"}},"outputs":[{"output_type":"display_data","metadata":{"application/vnd.databricks.v1+output":{"datasetInfos":[{"name":"df_silver","typeStr":"pyspark.sql.dataframe.DataFrame","schema":{"fields":[{"metadata":{},"name":"open","nullable":true,"type":"string"},{"metadata":{},"name":"close","nullable":true,"type":"string"},{"metadata":{},"name":"high","nullable":true,"type":"string"},{"metadata":{},"name":"volume","nullable":true,"type":"string"},{"metadata":{},"name":"low","nullable":true,"type":"string"},{"metadata":{},"name":"timestamp","nullable":true,"type":"string"},{"metadata":{},"name":"day","nullable":true,"type":"string"},{"metadata":{},"name":"year","nullable":true,"type":"string"},{"metadata":{},"name":"month","nullable":true,"type":"string"},{"metadata":{},"name":"ticker","nullable":true,"type":"string"}],"type":"struct"},"tableIdentifier":"/mnt/yahoo-finances-bg/processing/"}],"data":"<div class=\"ansiout\">Out[3]: True</div>","removedWidgets":[],"addedWidgets":{},"metadata":{},"type":"html","arguments":{}}},"output_type":"display_data","data":{"text/html":["<style scoped>\n  .ansiout {\n    display: block;\n    unicode-bidi: embed;\n    white-space: pre-wrap;\n    word-wrap: break-word;\n    word-break: break-all;\n    font-family: \"Source Code Pro\", \"Menlo\", monospace;;\n    font-size: 13px;\n    color: #555;\n    margin-left: 4px;\n    line-height: 19px;\n  }\n</style>\n<div class=\"ansiout\">Out[3]: True</div>"]},"transient":null}],"execution_count":0},{"cell_type":"code","source":["from pyspark.sql.functions import col\n\ntransf_df_silver = df_silver.withColumn(\"amplitude\", col(\"high\")+col(\"low\"))"],"metadata":{"application/vnd.databricks.v1+cell":{"title":"","showTitle":false,"inputWidgets":{},"nuid":"49a742f1-ab18-401e-ac9c-864a3ca1ac91"}},"outputs":[{"output_type":"display_data","metadata":{"application/vnd.databricks.v1+output":{"datasetInfos":[{"name":"transf_df_silver","typeStr":"pyspark.sql.dataframe.DataFrame","schema":{"fields":[{"metadata":{},"name":"open","nullable":true,"type":"string"},{"metadata":{},"name":"close","nullable":true,"type":"string"},{"metadata":{},"name":"high","nullable":true,"type":"string"},{"metadata":{},"name":"volume","nullable":true,"type":"string"},{"metadata":{},"name":"low","nullable":true,"type":"string"},{"metadata":{},"name":"timestamp","nullable":true,"type":"string"},{"metadata":{},"name":"day","nullable":true,"type":"string"},{"metadata":{},"name":"year","nullable":true,"type":"string"},{"metadata":{},"name":"month","nullable":true,"type":"string"},{"metadata":{},"name":"ticker","nullable":true,"type":"string"},{"metadata":{},"name":"amplitude","nullable":true,"type":"double"}],"type":"struct"},"tableIdentifier":null}],"data":"<div class=\"ansiout\"></div>","removedWidgets":[],"addedWidgets":{},"metadata":{},"type":"html","arguments":{}}},"output_type":"display_data","data":{"text/html":["<style scoped>\n  .ansiout {\n    display: block;\n    unicode-bidi: embed;\n    white-space: pre-wrap;\n    word-wrap: break-word;\n    word-break: break-all;\n    font-family: \"Source Code Pro\", \"Menlo\", monospace;;\n    font-size: 13px;\n    color: #555;\n    margin-left: 4px;\n    line-height: 19px;\n  }\n</style>\n<div class=\"ansiout\"></div>"]},"transient":null}],"execution_count":0},{"cell_type":"code","source":["display(transf_df_silver)"],"metadata":{"application/vnd.databricks.v1+cell":{"title":"","showTitle":false,"inputWidgets":{},"nuid":"4565ea3c-65d4-4279-9589-4cab05bebe82"}},"outputs":[{"output_type":"display_data","metadata":{"application/vnd.databricks.v1+output":{"overflow":false,"datasetInfos":[],"data":[["16.125","6417722","16.3799991607666","16.229999542236328","16.3700008392334","1642689000","21","2022","1","VALE",32.75],["16.21500015258789","3358880","16.309999465942383","16.250699996948242","16.229999542236328","1642692600","21","2022","1","VALE",32.53999900817871],["16.235000610351562","3779589","16.3700008392334","16.3700008392334","16.2549991607666","1642696200","21","2022","1","VALE",32.625],["16.300100326538086","2881656","16.399999618530273","16.334999084472656","16.364999771118164","1642699800","21","2022","1","VALE",32.76499938964844],["16.280000686645508","4782015","16.3799991607666","16.283599853515625","16.334999084472656","1642703400","21","2022","1","VALE",32.71499824523926],["16.020000457763672","6965979","16.28499984741211","16.02669906616211","16.28499984741211","1642707000","21","2022","1","VALE",32.56999969482422],["15.9399995803833","6554616","16.04990005493164","15.989999771118164","16.030000686645508","1642710600","21","2022","1","VALE",32.07990074157715],["166.97999572753906","169.22999572753906","169.33999633789062","19181838","166.75999450683594","1642689000","21","2022","1","AAPL",336.09999084472656],["169.23989868164062","169.35000610351562","169.63999938964844","9252283","168.94000244140625","1642692600","21","2022","1","AAPL",338.5800018310547],["169.36000061035156","169.10000610351562","169.47999572753906","8884453","168.77999877929688","1642696200","21","2022","1","AAPL",338.25999450683594],["169.0749969482422","167.60000610351562","169.22000122070312","7758353","167.60000610351562","1642699800","21","2022","1","AAPL",336.82000732421875],["167.61000061035156","166.64010620117188","167.91000366210938","9169710","166.4600067138672","1642703400","21","2022","1","AAPL",334.37001037597656],["166.64739990234375","165.84500122070312","166.97000122070312","11023737","165.64999389648438","1642707000","21","2022","1","AAPL",332.6199951171875],["165.83999633789062","164.52000427246094","165.97000122070312","13853054","164.17999267578125","1642710600","21","2022","1","AAPL",330.1499938964844]],"plotOptions":{"displayType":"table","customPlotOptions":{},"pivotColumns":null,"pivotAggregation":null,"xColumns":null,"yColumns":null},"columnCustomDisplayInfos":{},"aggType":"","isJsonSchema":true,"removedWidgets":[],"aggSchema":[],"schema":[{"name":"open","type":"\"string\"","metadata":"{}"},{"name":"close","type":"\"string\"","metadata":"{}"},{"name":"high","type":"\"string\"","metadata":"{}"},{"name":"volume","type":"\"string\"","metadata":"{}"},{"name":"low","type":"\"string\"","metadata":"{}"},{"name":"timestamp","type":"\"string\"","metadata":"{}"},{"name":"day","type":"\"string\"","metadata":"{}"},{"name":"year","type":"\"string\"","metadata":"{}"},{"name":"month","type":"\"string\"","metadata":"{}"},{"name":"ticker","type":"\"string\"","metadata":"{}"},{"name":"amplitude","type":"\"double\"","metadata":"{}"}],"aggError":"","aggData":[],"addedWidgets":{},"metadata":{},"dbfsResultPath":null,"type":"table","aggOverflow":false,"aggSeriesLimitReached":false,"arguments":{}}},"output_type":"display_data","data":{"text/html":["<style scoped>\n  .table-result-container {\n    max-height: 300px;\n    overflow: auto;\n  }\n  table, th, td {\n    border: 1px solid black;\n    border-collapse: collapse;\n  }\n  th, td {\n    padding: 5px;\n  }\n  th {\n    text-align: left;\n  }\n</style><div class='table-result-container'><table class='table-result'><thead style='background-color: white'><tr><th>open</th><th>close</th><th>high</th><th>volume</th><th>low</th><th>timestamp</th><th>day</th><th>year</th><th>month</th><th>ticker</th><th>amplitude</th></tr></thead><tbody><tr><td>16.125</td><td>6417722</td><td>16.3799991607666</td><td>16.229999542236328</td><td>16.3700008392334</td><td>1642689000</td><td>21</td><td>2022</td><td>1</td><td>VALE</td><td>32.75</td></tr><tr><td>16.21500015258789</td><td>3358880</td><td>16.309999465942383</td><td>16.250699996948242</td><td>16.229999542236328</td><td>1642692600</td><td>21</td><td>2022</td><td>1</td><td>VALE</td><td>32.53999900817871</td></tr><tr><td>16.235000610351562</td><td>3779589</td><td>16.3700008392334</td><td>16.3700008392334</td><td>16.2549991607666</td><td>1642696200</td><td>21</td><td>2022</td><td>1</td><td>VALE</td><td>32.625</td></tr><tr><td>16.300100326538086</td><td>2881656</td><td>16.399999618530273</td><td>16.334999084472656</td><td>16.364999771118164</td><td>1642699800</td><td>21</td><td>2022</td><td>1</td><td>VALE</td><td>32.76499938964844</td></tr><tr><td>16.280000686645508</td><td>4782015</td><td>16.3799991607666</td><td>16.283599853515625</td><td>16.334999084472656</td><td>1642703400</td><td>21</td><td>2022</td><td>1</td><td>VALE</td><td>32.71499824523926</td></tr><tr><td>16.020000457763672</td><td>6965979</td><td>16.28499984741211</td><td>16.02669906616211</td><td>16.28499984741211</td><td>1642707000</td><td>21</td><td>2022</td><td>1</td><td>VALE</td><td>32.56999969482422</td></tr><tr><td>15.9399995803833</td><td>6554616</td><td>16.04990005493164</td><td>15.989999771118164</td><td>16.030000686645508</td><td>1642710600</td><td>21</td><td>2022</td><td>1</td><td>VALE</td><td>32.07990074157715</td></tr><tr><td>166.97999572753906</td><td>169.22999572753906</td><td>169.33999633789062</td><td>19181838</td><td>166.75999450683594</td><td>1642689000</td><td>21</td><td>2022</td><td>1</td><td>AAPL</td><td>336.09999084472656</td></tr><tr><td>169.23989868164062</td><td>169.35000610351562</td><td>169.63999938964844</td><td>9252283</td><td>168.94000244140625</td><td>1642692600</td><td>21</td><td>2022</td><td>1</td><td>AAPL</td><td>338.5800018310547</td></tr><tr><td>169.36000061035156</td><td>169.10000610351562</td><td>169.47999572753906</td><td>8884453</td><td>168.77999877929688</td><td>1642696200</td><td>21</td><td>2022</td><td>1</td><td>AAPL</td><td>338.25999450683594</td></tr><tr><td>169.0749969482422</td><td>167.60000610351562</td><td>169.22000122070312</td><td>7758353</td><td>167.60000610351562</td><td>1642699800</td><td>21</td><td>2022</td><td>1</td><td>AAPL</td><td>336.82000732421875</td></tr><tr><td>167.61000061035156</td><td>166.64010620117188</td><td>167.91000366210938</td><td>9169710</td><td>166.4600067138672</td><td>1642703400</td><td>21</td><td>2022</td><td>1</td><td>AAPL</td><td>334.37001037597656</td></tr><tr><td>166.64739990234375</td><td>165.84500122070312</td><td>166.97000122070312</td><td>11023737</td><td>165.64999389648438</td><td>1642707000</td><td>21</td><td>2022</td><td>1</td><td>AAPL</td><td>332.6199951171875</td></tr><tr><td>165.83999633789062</td><td>164.52000427246094</td><td>165.97000122070312</td><td>13853054</td><td>164.17999267578125</td><td>1642710600</td><td>21</td><td>2022</td><td>1</td><td>AAPL</td><td>330.1499938964844</td></tr></tbody></table></div>"]},"transient":null}],"execution_count":0},{"cell_type":"code","source":["transf_df_silver \\\n .writeStream \\\n .format(\"delta\") \\\n .partitionBy(\"year\", \"month\", \"ticker\") \\\n .option(\"checkpointLocation\", CURATED_PATH + \"_checkpoint/\") \\\n .start(CURATED_PATH)"],"metadata":{"application/vnd.databricks.v1+cell":{"title":"","showTitle":false,"inputWidgets":{},"nuid":"9cf28173-f48d-4cc6-b874-20512dc47844"}},"outputs":[{"output_type":"display_data","metadata":{"application/vnd.databricks.v1+output":{"datasetInfos":[],"data":"<div class=\"ansiout\">Out[9]: &lt;pyspark.sql.streaming.StreamingQuery at 0x7f567c173490&gt;</div>","removedWidgets":[],"addedWidgets":{},"metadata":{},"type":"html","arguments":{}}},"output_type":"display_data","data":{"text/html":["<style scoped>\n  .ansiout {\n    display: block;\n    unicode-bidi: embed;\n    white-space: pre-wrap;\n    word-wrap: break-word;\n    word-break: break-all;\n    font-family: \"Source Code Pro\", \"Menlo\", monospace;;\n    font-size: 13px;\n    color: #555;\n    margin-left: 4px;\n    line-height: 19px;\n  }\n</style>\n<div class=\"ansiout\">Out[9]: &lt;pyspark.sql.streaming.StreamingQuery at 0x7f567c173490&gt;</div>"]},"transient":null}],"execution_count":0},{"cell_type":"code","source":["%sql \n\nSELECT * FROM delta.`/mnt/yahoo-finances-bg/curated`"],"metadata":{"application/vnd.databricks.v1+cell":{"title":"","showTitle":false,"inputWidgets":{},"nuid":"eb01e81e-340f-410c-87f8-4ccf285a0d80"}},"outputs":[{"output_type":"display_data","metadata":{"application/vnd.databricks.v1+output":{"overflow":false,"datasetInfos":[],"data":[["166.97999572753906","169.22999572753906","169.33999633789062","19181838","166.75999450683594","1642689000","21","2022","1","AAPL",336.09999084472656],["169.23989868164062","169.35000610351562","169.63999938964844","9252283","168.94000244140625","1642692600","21","2022","1","AAPL",338.5800018310547],["169.36000061035156","169.10000610351562","169.47999572753906","8884453","168.77999877929688","1642696200","21","2022","1","AAPL",338.25999450683594],["169.0749969482422","167.60000610351562","169.22000122070312","7758353","167.60000610351562","1642699800","21","2022","1","AAPL",336.82000732421875],["167.61000061035156","166.64010620117188","167.91000366210938","9169710","166.4600067138672","1642703400","21","2022","1","AAPL",334.37001037597656],["166.64739990234375","165.84500122070312","166.97000122070312","11023737","165.64999389648438","1642707000","21","2022","1","AAPL",332.6199951171875],["165.83999633789062","164.52000427246094","165.97000122070312","13853054","164.17999267578125","1642710600","21","2022","1","AAPL",330.1499938964844],["16.125","6417722","16.3799991607666","16.229999542236328","16.3700008392334","1642689000","21","2022","1","VALE",32.75],["16.21500015258789","3358880","16.309999465942383","16.250699996948242","16.229999542236328","1642692600","21","2022","1","VALE",32.53999900817871],["16.235000610351562","3779589","16.3700008392334","16.3700008392334","16.2549991607666","1642696200","21","2022","1","VALE",32.625],["16.300100326538086","2881656","16.399999618530273","16.334999084472656","16.364999771118164","1642699800","21","2022","1","VALE",32.76499938964844],["16.280000686645508","4782015","16.3799991607666","16.283599853515625","16.334999084472656","1642703400","21","2022","1","VALE",32.71499824523926],["16.020000457763672","6965979","16.28499984741211","16.02669906616211","16.28499984741211","1642707000","21","2022","1","VALE",32.56999969482422],["15.9399995803833","6554616","16.04990005493164","15.989999771118164","16.030000686645508","1642710600","21","2022","1","VALE",32.07990074157715]],"plotOptions":{"displayType":"table","customPlotOptions":{},"pivotColumns":null,"pivotAggregation":null,"xColumns":null,"yColumns":null},"columnCustomDisplayInfos":{},"aggType":"","isJsonSchema":true,"removedWidgets":[],"aggSchema":[],"schema":[{"name":"open","type":"\"string\"","metadata":"{}"},{"name":"close","type":"\"string\"","metadata":"{}"},{"name":"high","type":"\"string\"","metadata":"{}"},{"name":"volume","type":"\"string\"","metadata":"{}"},{"name":"low","type":"\"string\"","metadata":"{}"},{"name":"timestamp","type":"\"string\"","metadata":"{}"},{"name":"day","type":"\"string\"","metadata":"{}"},{"name":"year","type":"\"string\"","metadata":"{}"},{"name":"month","type":"\"string\"","metadata":"{}"},{"name":"ticker","type":"\"string\"","metadata":"{}"},{"name":"amplitude","type":"\"double\"","metadata":"{}"}],"aggError":"","aggData":[],"addedWidgets":{},"metadata":{},"dbfsResultPath":null,"type":"table","aggOverflow":false,"aggSeriesLimitReached":false,"arguments":{}}},"output_type":"display_data","data":{"text/html":["<style scoped>\n  .table-result-container {\n    max-height: 300px;\n    overflow: auto;\n  }\n  table, th, td {\n    border: 1px solid black;\n    border-collapse: collapse;\n  }\n  th, td {\n    padding: 5px;\n  }\n  th {\n    text-align: left;\n  }\n</style><div class='table-result-container'><table class='table-result'><thead style='background-color: white'><tr><th>open</th><th>close</th><th>high</th><th>volume</th><th>low</th><th>timestamp</th><th>day</th><th>year</th><th>month</th><th>ticker</th><th>amplitude</th></tr></thead><tbody><tr><td>166.97999572753906</td><td>169.22999572753906</td><td>169.33999633789062</td><td>19181838</td><td>166.75999450683594</td><td>1642689000</td><td>21</td><td>2022</td><td>1</td><td>AAPL</td><td>336.09999084472656</td></tr><tr><td>169.23989868164062</td><td>169.35000610351562</td><td>169.63999938964844</td><td>9252283</td><td>168.94000244140625</td><td>1642692600</td><td>21</td><td>2022</td><td>1</td><td>AAPL</td><td>338.5800018310547</td></tr><tr><td>169.36000061035156</td><td>169.10000610351562</td><td>169.47999572753906</td><td>8884453</td><td>168.77999877929688</td><td>1642696200</td><td>21</td><td>2022</td><td>1</td><td>AAPL</td><td>338.25999450683594</td></tr><tr><td>169.0749969482422</td><td>167.60000610351562</td><td>169.22000122070312</td><td>7758353</td><td>167.60000610351562</td><td>1642699800</td><td>21</td><td>2022</td><td>1</td><td>AAPL</td><td>336.82000732421875</td></tr><tr><td>167.61000061035156</td><td>166.64010620117188</td><td>167.91000366210938</td><td>9169710</td><td>166.4600067138672</td><td>1642703400</td><td>21</td><td>2022</td><td>1</td><td>AAPL</td><td>334.37001037597656</td></tr><tr><td>166.64739990234375</td><td>165.84500122070312</td><td>166.97000122070312</td><td>11023737</td><td>165.64999389648438</td><td>1642707000</td><td>21</td><td>2022</td><td>1</td><td>AAPL</td><td>332.6199951171875</td></tr><tr><td>165.83999633789062</td><td>164.52000427246094</td><td>165.97000122070312</td><td>13853054</td><td>164.17999267578125</td><td>1642710600</td><td>21</td><td>2022</td><td>1</td><td>AAPL</td><td>330.1499938964844</td></tr><tr><td>16.125</td><td>6417722</td><td>16.3799991607666</td><td>16.229999542236328</td><td>16.3700008392334</td><td>1642689000</td><td>21</td><td>2022</td><td>1</td><td>VALE</td><td>32.75</td></tr><tr><td>16.21500015258789</td><td>3358880</td><td>16.309999465942383</td><td>16.250699996948242</td><td>16.229999542236328</td><td>1642692600</td><td>21</td><td>2022</td><td>1</td><td>VALE</td><td>32.53999900817871</td></tr><tr><td>16.235000610351562</td><td>3779589</td><td>16.3700008392334</td><td>16.3700008392334</td><td>16.2549991607666</td><td>1642696200</td><td>21</td><td>2022</td><td>1</td><td>VALE</td><td>32.625</td></tr><tr><td>16.300100326538086</td><td>2881656</td><td>16.399999618530273</td><td>16.334999084472656</td><td>16.364999771118164</td><td>1642699800</td><td>21</td><td>2022</td><td>1</td><td>VALE</td><td>32.76499938964844</td></tr><tr><td>16.280000686645508</td><td>4782015</td><td>16.3799991607666</td><td>16.283599853515625</td><td>16.334999084472656</td><td>1642703400</td><td>21</td><td>2022</td><td>1</td><td>VALE</td><td>32.71499824523926</td></tr><tr><td>16.020000457763672</td><td>6965979</td><td>16.28499984741211</td><td>16.02669906616211</td><td>16.28499984741211</td><td>1642707000</td><td>21</td><td>2022</td><td>1</td><td>VALE</td><td>32.56999969482422</td></tr><tr><td>15.9399995803833</td><td>6554616</td><td>16.04990005493164</td><td>15.989999771118164</td><td>16.030000686645508</td><td>1642710600</td><td>21</td><td>2022</td><td>1</td><td>VALE</td><td>32.07990074157715</td></tr></tbody></table></div>"]},"transient":null}],"execution_count":0}],"metadata":{"application/vnd.databricks.v1+notebook":{"notebookName":"processing-to-curated","dashboards":[],"notebookMetadata":{"pythonIndentUnit":4},"language":"python","widgets":{},"notebookOrigID":4197858913840851}},"nbformat":4,"nbformat_minor":0}
